==================================================
  训练记录 - model_34
==================================================

训练时间: 2026-06-10 02:26:13
模型目录: ./model\model_34

--- 训练配置 ---
  epochs              : 100
  batch_size          : 64
  learning_rate        : 0.001
  device               : cuda:0
  loss_function        : FocalLoss (gamma=1.0)
  alpha来源             : model_18_test
  num_workers          : 4
  alpha动态更新          : 启用
    更新间隔              : 每 1 epoch
    warmup               : 0 epoch
    模式                  : M22 公式（alpha = difficulty/mean）
  lr_scheduler         : CosineAnnealing
  lr_min               : 1e-06
  early_stop           : 启用
  early_stop_patience   : 10
  early_stop_min_delta  : 0.005
  data_augmentation    : 启用
  stratified_split     : 启用
  save_misclassified   : 禁用

--- 训练结果 ---
  最佳 epoch           : 38/100
  最佳验证准确率         : 0.8459

--- Alpha 动态更新记录（公式计算） ---
Epoch      cloudy     haze    rainy    shine     snow    sunny  sunrise  thunder   Spearman ρ
----------------------------------------------------------------------------------------------------
0          1.5706   1.1765   1.2244   0.9901   1.1583   1.2552   1.0277   1.0101  0.0000
1          1.1367   0.7069   0.7468   1.8473   0.3182   0.7167   2.4089   0.1184  0.9286
2          1.3196   0.8111   0.7400   1.2501   0.3140   0.7067   2.5489   0.3096  0.9762
3          1.6522   0.9056   1.0791   1.4238   0.4357   0.9516   1.4271   0.1250  0.9762
4          1.8042   1.1700   0.9426   1.4112   0.4369   0.8669   1.0081   0.3600  0.9286
5          1.8872   1.0168   0.9659   1.6341   0.5066   0.9051   0.9565   0.1278  0.8333
6          1.7269   0.8924   1.0213   1.5336   0.4463   0.9646   1.2332   0.1817  0.9048
7          1.3729   0.7693   0.7730   1.9020   0.6379   0.7344   1.6949   0.1157  0.9524
8          2.0241   0.9999   0.8806   0.7900   0.4758   1.3263   1.2545   0.2488  0.9762
9          1.9616   1.0319   0.9784   1.4843   0.5697   1.0326   0.7943   0.1473  0.9286
10         2.0810   1.1277   1.0408   1.1510   0.5498   1.1527   0.5972   0.2998  0.6667
11         2.1841   1.0509   0.9043   0.8132   0.5521   1.3313   0.9137   0.2504  0.8810
12         1.8270   1.0275   1.4889   0.5918   0.2922   0.5984   1.9767   0.1977  1.0000
13         1.2929   0.8545   0.5777   3.5985   0.2826   0.4901   0.6279   0.2759  0.9762
14         1.1435   0.6236   0.6410   3.8942   0.2698   0.5759   0.6803   0.1717  1.0000
15         1.2453   0.6912   0.4449   4.2313   0.1888   0.7544   0.3117   0.1325  0.8571
16         1.3005   0.7150   0.7130   3.5991   0.5133   0.6774   0.3224   0.1592  0.8095
17         2.0572   0.9767   0.8119   1.7538   0.5284   1.3439   0.3339   0.1943  0.6190
18         1.9510   1.1175   0.9505   1.5489   0.5162   0.7766   0.8050   0.3343  0.8571
19         2.3495   1.1875   1.2721   0.4602   0.4471   0.9779   1.0343   0.2713  0.8333
20         2.1099   1.1397   1.2600   1.3341   0.5774   0.9090   0.3808   0.2891  0.6429
21         1.9074   1.2286   0.8441   1.5300   0.5785   0.6787   0.9064   0.3264  0.9286
22         1.6658   0.8066   0.8711   2.8422   0.5158   0.7922   0.3494   0.1569  0.8095
23         2.2568   1.4341   0.9682   1.2153   0.5302   0.6782   0.7474   0.1697  0.8333
24         2.4495   1.3098   1.1657   0.6328   0.5411   0.9692   0.7721   0.1598  1.0000
25         2.1454   1.1928   1.4632   0.8296   0.6619   0.8559   0.2287   0.6225  0.4286
26         1.9879   2.0373   1.6082   0.6486   0.4969   0.6172   0.3246   0.2792  0.9048
27         1.7498   1.2769   0.7701   1.9912   0.7564   0.8082   0.5398   0.1078  0.8810
28         1.9875   1.1630   0.9989   1.3113   0.4908   0.7391   1.0465   0.2631  0.6905
29         1.5400   0.9877   0.9216   1.8999   0.9302   0.5212   1.0706   0.1288  0.9048
30         1.9716   1.1965   0.9427   1.6079   0.7165   0.8508   0.5475   0.1665  0.7619
31         1.6453   0.9901   0.8406   2.2209   0.3666   0.6358   0.9763   0.3244  0.5714
32         3.0044   1.7079   1.2107   0.0000   0.6151   1.1705   0.1316   0.1597  0.7143
33         1.8425   1.0194   0.7813   1.1295   0.7448   0.8731   1.3704   0.2389  1.0000
34         2.0283   1.1999   1.0345   1.4466   0.2643   0.4801   1.4041   0.1422  0.7381
35         2.4139   1.7602   1.3851   1.0727   0.5258   0.6166   0.0000   0.2257  0.9286
36         1.0909   0.6918   0.4100   0.4996   0.3467   0.4229   4.1817   0.3563  0.9524
37         1.2976   0.6398   0.5908   0.5764   0.1151   0.4946   4.2147   0.0709  0.7619
38         2.6560   1.5326   1.3156   0.2100   0.3330   0.4657   1.1698   0.3174  0.4048
39         2.0142   1.1583   1.1152   0.6796   1.0183   0.7673   0.9794   0.2677  0.6190
40         2.4007   1.5625   1.1509   1.3354   0.6482   0.7222   0.0000   0.1802  0.4286
41         1.9564   1.4040   0.8881   0.7132   0.2661   0.5170   1.7924   0.4627  0.9524
42         2.2669   1.4362   1.1116   0.7563   0.3259   0.6085   1.3176   0.1770  0.9048
43         1.2848   0.8030   0.5596   4.5189   0.1628   0.4360   0.1446   0.0903  0.7143
44         1.9484   1.0322   0.9726   3.0315   0.1310   0.3049   0.3966   0.1828  0.7857
45         2.2209   1.3071   1.1825   1.7780   0.3922   0.8751   0.1181   0.1261  0.2857
46         1.6958   1.2792   0.8801   2.4639   0.8976   0.5670   0.0881   0.1284  0.3095
47         0.9778   0.6731   0.4130   1.7426   0.1208   0.3065   3.6931   0.0731  0.9762
48         2.7903   1.5971   1.3778   1.4474   0.1545   0.2800   0.2059   0.1471  0.7619

--- 指标变化 ---
Epoch    Train Loss   Train Acc    Val Loss     Val Acc      LR          
1        0.5246       0.7471       0.4237       0.7820       0.001000    
2        0.2597       0.8004       0.2605       0.7923       0.001000    
3        0.2657       0.8073       0.2848       0.8009       0.000999    
4        0.3406       0.8000       0.3485       0.7944       0.000998    
5        0.3231       0.8177       0.3639       0.7973       0.000996    
6        0.2919       0.8302       0.3576       0.8066       0.000994    
7        0.2561       0.8448       0.3719       0.8000       0.000991    
8        0.1853       0.8679       0.2845       0.8054       0.000988    
9        0.2751       0.8493       0.3550       0.8201       0.000984    
10       0.2312       0.8697       0.3582       0.8185       0.000980    
11       0.2445       0.8726       0.3921       0.8161       0.000976    
12       0.2136       0.8858       0.4360       0.7583       0.000970    
13       0.1614       0.8986       0.3645       0.8239       0.000965    
14       0.0854       0.9216       0.2680       0.8170       0.000959    
15       0.0736       0.9307       0.2403       0.8254       0.000952    
16       0.0854       0.9160       0.2574       0.8072       0.000946    
17       0.0997       0.9187       0.3023       0.8173       0.000938    
18       0.1714       0.9032       0.3905       0.8260       0.000930    
19       0.1290       0.9209       0.4183       0.8273       0.000922    
20       0.1492       0.9217       0.4704       0.8212       0.000914    
21       0.1205       0.9350       0.4463       0.8193       0.000905    
22       0.0936       0.9404       0.4180       0.8217       0.000895    
23       0.0713       0.9493       0.3755       0.8299       0.000885    
24       0.1038       0.9396       0.5501       0.8318       0.000875    
25       0.1145       0.9403       0.5938       0.8184       0.000865    
26       0.0996       0.9493       0.5576       0.8309       0.000854    
27       0.1001       0.9498       0.5888       0.8248       0.000842    
28       0.0595       0.9604       0.4686       0.8350       0.000831    
29       0.0671       0.9588       0.5409       0.8207       0.000819    
30       0.0492       0.9648       0.4591       0.8357       0.000807    
31       0.0664       0.9591       0.6159       0.8282       0.000794    
32       0.0458       0.9662       0.4145       0.8349       0.000781    
33       0.1264       0.9418       0.6549       0.8180       0.000768    
34       0.0499       0.9676       0.4577       0.8388       0.000755    
35       0.0425       0.9697       0.5024       0.8422       0.000741    
36       0.0731       0.9587       0.5663       0.8195       0.000727    
37       0.0219       0.9759       0.2832       0.8363       0.000713    
38       0.0204       0.9771       0.3440       0.8459       0.000699    
39       0.0784       0.9546       0.5874       0.8200       0.000684    
40       0.0532       0.9685       0.5949       0.8362       0.000670    
41       0.0571       0.9679       0.6120       0.8428       0.000655    
42       0.0393       0.9736       0.5788       0.8424       0.000640    
43       0.0430       0.9715       0.6503       0.8398       0.000625    
44       0.0187       0.9786       0.4080       0.8483       0.000609    
45       0.0291       0.9741       0.5373       0.8357       0.000594    
46       0.0504       0.9697       0.6494       0.8329       0.000579    
47       0.0299       0.9772       0.5649       0.8403       0.000563    
48       0.0119       0.9821       0.3432       0.8504       0.000548    

--- 完整路径 ---
  best.pt                 : ./model\model_34/best_model_34.pt
  训练曲线                : ./model\model_34/training_history_model_34.png
  Alpha/Spearman 演化图    : ./model\model_34/alpha_spearman_model_34.png
  tensorboard log         : ./model\model_34\log\2026-06-09-15-31-45
