==================================================
  训练记录 - model_39
==================================================

训练时间: 2026-06-10 22:06:47
模型目录: ./model\model_39

--- 训练配置 ---
  backbone            : resnet50
  epochs              : 100
  batch_size          : 128
  learning_rate        : 0.001
  device               : cuda:0
  loss_function        : FocalLoss (gamma=1.0)
  alpha来源             : model_18_test
  num_workers          : 4
  alpha动态更新          : 启用
    更新间隔              : 每 1 epoch
    warmup               : 0 epoch
    模式                  : M22 公式（alpha = difficulty/mean）
  lr_scheduler         : CosineAnnealing
  lr_min               : 1e-06
  early_stop           : 启用
  early_stop_patience   : 10
  early_stop_min_delta  : 0.005
  data_augmentation    : 启用
  stratified_split     : 启用
  save_misclassified   : 禁用

--- 训练结果 ---
  最佳 epoch           : 12/100
  最佳验证准确率         : 0.8407

--- Alpha 动态更新记录（公式计算） ---
Epoch      cloudy     haze    rainy    shine     snow    sunny  sunrise  thunder   Spearman ρ
----------------------------------------------------------------------------------------------------
0          1.5706   1.1765   1.2244   0.9901   1.1583   1.2552   1.0277   1.0101  0.0000
1          1.7262   0.9721   1.4547   1.1848   0.6223   1.0398   0.8777   0.1226  0.9048
2          1.8022   0.8082   1.2726   1.3725   0.6085   1.0265   0.9372   0.1722  0.9286
3          1.9315   1.0342   0.9932   0.9474   0.6899   1.2716   0.9134   0.2188  1.0000
4          1.8720   1.2235   1.1182   1.1706   0.4268   1.1530   0.8083   0.2277  1.0000
5          1.9094   1.0806   0.9522   0.9765   0.8499   1.1133   0.7319   0.3862  0.9762
6          1.8301   1.1315   1.3012   0.8087   0.6231   0.9170   1.2160   0.1725  0.9762
7          1.7260   0.9455   0.8942   2.0985   0.5510   1.0343   0.4374   0.3131  1.0000
8          2.0862   1.0894   1.2844   1.3135   0.5828   1.1181   0.3616   0.1640  0.9524
9          1.9114   1.0803   1.0672   1.1630   0.7491   1.0506   0.7107   0.2678  0.9762
10         1.9829   0.9943   0.9091   1.1536   0.9549   1.1356   0.5431   0.3265  0.9048
11         1.8210   1.0225   0.8934   1.6367   0.5381   0.9117   0.9837   0.1927  0.7143
12         2.4984   1.2906   1.2597   0.9272   0.4058   1.1377   0.2575   0.2232  0.9762
13         2.1511   1.0133   1.4455   0.8832   0.4015   1.1367   0.7787   0.1900  1.0000
14         2.1870   1.2490   1.1257   1.1044   0.3994   0.9650   0.7391   0.2303  0.9286
15         2.2925   1.0506   1.2601   0.7742   0.5525   1.2224   0.5250   0.3226  0.7857
16         2.2681   1.1178   1.1306   0.9384   0.4893   1.1760   0.6482   0.2315  0.8810
17         2.1958   0.9832   1.0929   1.1350   0.7040   1.1415   0.6010   0.1466  0.9048
18         2.3190   1.2003   1.1094   0.4960   0.6603   1.2083   0.6904   0.3163  0.9048
19         2.3170   0.9969   1.0495   0.9119   0.4146   1.5456   0.5906   0.1739  0.9762
20         2.5089   1.3070   1.2493   0.5699   0.5737   1.1896   0.3548   0.2467  0.9286
21         2.0425   1.0746   1.0500   0.6039   0.4779   0.9907   1.5255   0.2349  0.7619
22         2.3663   1.1562   1.0673   0.9687   0.6833   1.2146   0.3312   0.2123  0.9048

--- 指标变化 ---
Epoch    Train Loss   Train Acc    Val Loss     Val Acc      LR          
1        0.4735       0.7681       0.5288       0.7443       0.001000    
2        0.3851       0.8040       0.6555       0.7091       0.001000    
3        0.3262       0.8225       0.4180       0.7766       0.000999    
4        0.3258       0.8331       0.4519       0.7917       0.000998    
5        0.3007       0.8426       0.4224       0.7720       0.000996    
6        0.2810       0.8553       0.4128       0.8122       0.000994    
7        0.2565       0.8652       0.4672       0.7804       0.000991    
8        0.2072       0.8761       0.3469       0.8108       0.000988    
9        0.2481       0.8739       0.4603       0.7838       0.000984    
10       0.2114       0.8861       0.4221       0.7717       0.000980    
11       0.1994       0.8918       0.4071       0.8309       0.000976    
12       0.1562       0.9036       0.3343       0.8407       0.000970    
13       0.2156       0.8949       0.4547       0.8026       0.000965    
14       0.1839       0.9045       0.4141       0.8381       0.000959    
15       0.1543       0.9162       0.3767       0.8232       0.000952    
16       0.1647       0.9157       0.4889       0.8260       0.000946    
17       0.1470       0.9223       0.4337       0.8217       0.000938    
18       0.1264       0.9303       0.4516       0.8326       0.000930    
19       0.1347       0.9332       0.5204       0.8233       0.000922    
20       0.1248       0.9342       0.4569       0.8298       0.000914    
21       0.1351       0.9346       0.4963       0.8372       0.000905    
22       0.0917       0.9482       0.4549       0.8399       0.000895    

--- 完整路径 ---
  best.pt                 : ./model\model_39/best_model_39.pt
  训练曲线                : ./model\model_39/training_history_model_39.png
  Alpha/Spearman 演化图    : ./model\model_39/alpha_spearman_model_39.png
  tensorboard log         : ./model\model_39\log\2026-06-10-12-52-00
