==================================================
  训练记录 - model_27
==================================================

训练时间: 2026-06-08 13:09:51
模型目录: ./model\model_27

--- 训练配置 ---
  epochs              : 100
  batch_size          : 128
  learning_rate        : 0.001
  device               : cuda:0
  loss_function        : FocalLoss (gamma=1.0)
  alpha来源             : model_18_test
  num_workers          : 4
  alpha动态更新          : 启用
    更新间隔              : 每 3 epoch
    warmup               : 5 epoch
    模式                  : 梯度学习（alpha -= lr × ∇val_loss）
    alpha lr             : 0.01
    alpha momentum       : 0.9
    clamp                : [0.1, 4.0]
  lr_scheduler         : CosineAnnealing
  lr_min               : 1e-06
  early_stop           : 启用
  early_stop_patience   : 10
  early_stop_min_delta  : 0.005
  data_augmentation    : 启用
  stratified_split     : 启用
  save_misclassified   : 禁用

--- 训练结果 ---
  最佳 epoch           : 22/100
  最佳验证准确率         : 0.8486

--- Alpha 动态更新记录（梯度学习） ---
Epoch      cloudy     haze    rainy    shine     snow    sunny  sunrise  thunder   Spearman ρ
----------------------------------------------------------------------------------------------------
0          1.5706   1.1765   1.2244   0.9901   1.1583   1.2552   1.0277   1.0101  0.0000
6          1.3348   0.9999   1.0406   0.8415   0.9845   1.0668   0.8735   0.8585  0.8333
9          1.3348   0.9999   1.0406   0.8415   0.9845   1.0668   0.8735   0.8585  0.4762
12         1.3348   0.9999   1.0406   0.8415   0.9845   1.0668   0.8735   0.8585  0.3810
15         1.3348   0.9999   1.0406   0.8415   0.9845   1.0668   0.8735   0.8585  0.4762
18         1.3348   0.9999   1.0406   0.8415   0.9845   1.0668   0.8735   0.8585  0.4048
21         1.3348   0.9999   1.0406   0.8415   0.9845   1.0668   0.8735   0.8585  0.4286
24         1.3348   0.9999   1.0406   0.8415   0.9845   1.0668   0.8735   0.8585  0.2857
27         1.3348   0.9999   1.0406   0.8415   0.9845   1.0668   0.8735   0.8585  0.4524
30         1.3348   0.9999   1.0406   0.8415   0.9845   1.0668   0.8735   0.8585  0.5952
32         1.3348   0.9999   1.0406   0.8415   0.9845   1.0668   0.8735   0.8585  0.0000

--- 指标变化 ---
Epoch    Train Loss   Train Acc    Val Loss     Val Acc      LR          
1        0.4773       0.7672       0.5259       0.7369       0.001000    
2        0.3519       0.8179       0.5415       0.7544       0.001000    
3        0.3120       0.8365       0.5755       0.7398       0.000999    
4        0.2830       0.8492       0.3930       0.8064       0.000998    
5        0.2592       0.8602       0.3898       0.8114       0.000996    
6        0.2391       0.8684       0.4617       0.7897       0.000994    
7        0.2182       0.8792       0.3652       0.8284       0.000991    
8        0.2063       0.8867       0.4386       0.7913       0.000988    
9        0.1899       0.8930       0.3664       0.8230       0.000984    
10       0.1750       0.9001       0.3802       0.8327       0.000980    
11       0.1624       0.9061       0.3837       0.8138       0.000976    
12       0.1504       0.9131       0.3591       0.8365       0.000970    
13       0.1368       0.9196       0.3785       0.8252       0.000965    
14       0.1319       0.9229       0.3769       0.8337       0.000959    
15       0.1199       0.9299       0.3684       0.8298       0.000952    
16       0.1147       0.9313       0.3702       0.8415       0.000946    
17       0.1052       0.9381       0.4192       0.8289       0.000938    
18       0.1000       0.9421       0.3694       0.8395       0.000930    
19       0.0906       0.9464       0.3953       0.8410       0.000922    
20       0.0871       0.9492       0.3907       0.8422       0.000914    
21       0.0868       0.9494       0.3953       0.8340       0.000905    
22       0.0763       0.9545       0.3766       0.8486       0.000895    
23       0.0746       0.9545       0.3689       0.8443       0.000885    
24       0.0707       0.9569       0.4459       0.8132       0.000875    
25       0.0657       0.9611       0.4177       0.8417       0.000865    
26       0.0619       0.9626       0.3882       0.8484       0.000854    
27       0.0590       0.9647       0.4473       0.8348       0.000842    
28       0.0571       0.9666       0.4042       0.8435       0.000831    
29       0.0542       0.9676       0.4059       0.8420       0.000819    
30       0.0531       0.9677       0.4038       0.8502       0.000807    
31       0.0497       0.9703       0.4108       0.8521       0.000794    
32       0.0462       0.9727       0.4156       0.8440       0.000781    

--- 完整路径 ---
  best.pt                 : ./model\model_27/best_model_27.pt
  训练曲线                : ./model\model_27/training_history_model_27.png
  Alpha/Spearman 演化图    : ./model\model_27/alpha_spearman_model_27.png
  tensorboard log         : ./model\model_27\log\2026-06-08-03-21-20
