==================================================
  训练记录 - model_35
==================================================

训练时间: 2026-06-10 12:59:01
模型目录: ./model\model_35

--- 训练配置 ---
  backbone            : convnext_small
  epochs              : 100
  batch_size          : 48
  learning_rate        : 0.001
  device               : cuda:0
  loss_function        : FocalLoss (gamma=1.0)
  alpha来源             : model_18_test
  num_workers          : 4
  alpha动态更新          : 启用
    更新间隔              : 每 3 epoch
    warmup               : 0 epoch
    模式                  : M22 公式（alpha = difficulty/mean）
  lr_scheduler         : CosineAnnealing
  lr_min               : 1e-06
  early_stop           : 启用
  early_stop_patience   : 10
  early_stop_min_delta  : 0.005
  data_augmentation    : 启用
  stratified_split     : 启用
  save_misclassified   : 禁用

--- 训练结果 ---
  最佳 epoch           : 28/100
  最佳验证准确率         : 0.8349

--- Alpha 动态更新记录（公式计算） ---
Epoch      cloudy     haze    rainy    shine     snow    sunny  sunrise  thunder   Spearman ρ
----------------------------------------------------------------------------------------------------
0          1.5706   1.1765   1.2244   0.9901   1.1583   1.2552   1.0277   1.0101  0.0000
3          1.7734   0.9487   1.1137   1.6337   0.6195   0.9419   0.8242   0.1450  0.9762
6          1.8346   0.9380   1.2099   1.6047   0.4796   0.9159   0.7820   0.2354  0.9762
9          1.9891   1.1946   0.9303   1.0953   0.5225   1.1095   0.9124   0.2463  0.9048
12         1.9651   1.0110   0.9287   0.8146   0.3930   1.0454   1.6768   0.1654  0.8333
15         2.1755   1.1796   1.1952   1.2260   0.5420   0.9590   0.5309   0.1918  0.9286
18         2.2587   1.3131   1.0865   0.7489   0.4394   1.1200   0.8105   0.2229  0.8810
21         2.4270   1.2688   1.1550   0.9424   0.6398   1.0053   0.3331   0.2286  0.7619
24         2.1823   1.4182   1.0375   0.9618   0.8455   0.9094   0.2846   0.3607  0.8095
27         2.5235   1.3738   1.3440   1.2315   0.3201   0.5000   0.3628   0.3444  0.8095
30         1.8145   1.4146   0.8956   1.2819   0.5055   0.5707   1.3445   0.1727  0.9048
31         1.8145   1.4146   0.8956   1.2819   0.5055   0.5707   1.3445   0.1727  0.0000

--- 指标变化 ---
Epoch    Train Loss   Train Acc    Val Loss     Val Acc      LR          
1        0.6907       0.6704       0.4980       0.7570       0.001000    
2        0.4962       0.7527       0.4539       0.7646       0.001000    
3        0.4427       0.7785       0.4389       0.7820       0.000999    
4        0.3997       0.7824       0.4092       0.7907       0.000998    
5        0.3726       0.7939       0.3727       0.7788       0.000996    
6        0.3526       0.8042       0.3812       0.8020       0.000994    
7        0.3318       0.8145       0.3561       0.8127       0.000991    
8        0.3099       0.8251       0.3750       0.8120       0.000988    
9        0.2858       0.8397       0.3615       0.8125       0.000984    
10       0.2932       0.8427       0.4067       0.8034       0.000980    
11       0.2675       0.8537       0.3848       0.8221       0.000976    
12       0.2487       0.8644       0.3888       0.8202       0.000970    
13       0.2132       0.8739       0.3691       0.8202       0.000965    
14       0.1956       0.8823       0.3873       0.8236       0.000959    
15       0.1897       0.8859       0.3691       0.8143       0.000952    
16       0.2062       0.8887       0.4263       0.8091       0.000946    
17       0.1846       0.8994       0.4119       0.8061       0.000938    
18       0.1694       0.9088       0.4597       0.8238       0.000930    
19       0.1707       0.9103       0.5342       0.7974       0.000922    
20       0.1557       0.9165       0.5723       0.8019       0.000914    
21       0.1472       0.9220       0.4645       0.8321       0.000905    
22       0.1452       0.9248       0.4601       0.8304       0.000895    
23       0.1392       0.9288       0.5139       0.8153       0.000885    
24       0.1269       0.9348       0.5341       0.8128       0.000875    
25       0.1167       0.9400       0.5028       0.8197       0.000865    
26       0.1100       0.9435       0.5381       0.8329       0.000854    
27       0.1062       0.9446       0.5263       0.8148       0.000842    
28       0.1015       0.9413       0.5211       0.8349       0.000831    
29       0.1001       0.9425       0.5507       0.8200       0.000819    
30       0.0929       0.9473       0.5911       0.8313       0.000807    
31       0.0692       0.9554       0.4085       0.8305       0.000794    

--- 完整路径 ---
  best.pt                 : ./model\model_35/best_model_35.pt
  训练曲线                : ./model\model_35/training_history_model_35.png
  Alpha/Spearman 演化图    : ./model\model_35/alpha_spearman_model_35.png
  tensorboard log         : ./model\model_35\log\2026-06-10-02-40-57
