==================================================
  训练记录 - model_50
==================================================

训练时间: 2026-06-12 05:49:59
模型目录: ./model\model_50

--- 训练配置 ---
  backbone            : resnet50
  random_seed         : 42
  epochs              : 100
  batch_size          : 128
  learning_rate        : 0.001
  device               : cuda:0
  loss_function        : FocalLoss (gamma=1.0)
  alpha来源             : model_18_test
  num_workers          : 2
  alpha动态更新          : 启用
    更新间隔              : 每 3 epoch
    warmup               : 0 epoch
    模式                  : M22 公式（alpha = difficulty/mean）
  SupCon 损失            : 启用
    λ                    : 0.1
    τ                    : 0.1
  lr_scheduler         : CosineAnnealing
  lr_min               : 1e-06
  early_stop           : 启用
  early_stop_patience   : 10
  early_stop_min_delta  : 0.005
  data_augmentation    : 启用
  stratified_split     : 启用
  save_misclassified   : 禁用

--- 训练结果 ---
  最佳 epoch           : 42/100
  最佳验证准确率         : 0.8490

--- Alpha 动态更新记录（公式计算） ---
Epoch      cloudy     haze    rainy    shine     snow    sunny  sunrise  thunder   Spearman ρ
----------------------------------------------------------------------------------------------------
0          1.5706   1.1765   1.2244   0.9901   1.1583   1.2552   1.0277   1.0101  0.0000
3          2.5017   1.2457   1.5485   0.1092   0.7266   1.6393   0.0951   0.1340  0.1429
6          2.3573   1.3792   1.3056   0.4113   0.6321   1.4653   0.0520   0.3972  0.7381
9          2.5043   1.7324   1.0915   0.2107   0.5499   1.5161   0.2386   0.1564  0.6429
12         2.5606   1.1711   1.4127   0.0856   0.6351   1.7398   0.1808   0.2141  0.7857
15         2.7897   1.5052   1.5449   0.1417   0.5508   1.2791   0.0374   0.1511  0.5714
18         2.5215   1.2639   1.2224   0.1061   1.3849   1.2708   0.0291   0.2013  0.4524
21         2.6396   1.3149   1.2009   0.2792   0.6432   1.5731   0.0411   0.3080  0.5952
24         2.7331   1.4609   1.5986   0.0136   0.5338   1.2797   0.2245   0.1559  0.4524
27         2.7198   1.3694   1.4547   0.0991   0.6330   1.4482   0.0335   0.2423  0.5714
30         2.8204   1.3457   1.1948   0.0305   0.5384   1.7329   0.0327   0.3048  0.4762
33         2.9008   1.4300   1.3707   0.2244   0.5694   1.2995   0.0425   0.1627  0.7381
36         2.8329   1.5075   1.3941   0.1013   0.4468   1.1387   0.1703   0.4085  0.4286
39         2.7118   1.5382   1.8005   0.0363   0.8566   0.8091   0.0429   0.2046  0.4286
42         2.8673   1.6142   1.4389   0.0359   0.6411   1.0416   0.0449   0.3160  0.4286
45         2.9237   1.5184   1.3356   0.1830   0.6294   1.2684   0.0273   0.1141  0.7143
47         2.9237   1.5184   1.3356   0.1830   0.6294   1.2684   0.0273   0.1141  0.0000

--- 指标变化 ---
Epoch    Train Loss Cls        Sup        Train Acc  Val Loss   Val Acc    LR          
1        0.6478     0.3322     3.1562     0.7406     0.4981     0.7689     0.001000    
2        0.5450     0.2438     3.0118     0.7758     0.5272     0.7508     0.001000    
3        0.5237     0.2261     2.9755     0.7838     0.4792     0.7769     0.000999    
4        0.6111     0.3149     2.9621     0.7691     0.5623     0.7660     0.000998    
5        0.5823     0.2888     2.9347     0.7755     0.5685     0.7893     0.000996    
6        0.5623     0.2709     2.9139     0.7828     0.6059     0.7716     0.000994    
7        0.5207     0.2327     2.8793     0.7968     0.6655     0.7505     0.000991    
8        0.5148     0.2277     2.8707     0.8002     0.6323     0.7640     0.000988    
9        0.5014     0.2156     2.8579     0.8059     0.8600     0.7376     0.000984    
10       0.4971     0.2130     2.8407     0.8064     0.5660     0.8069     0.000980    
11       0.4849     0.2024     2.8246     0.8121     0.5210     0.8099     0.000976    
12       0.4763     0.1952     2.8114     0.8141     0.5618     0.7870     0.000970    
13       0.4690     0.1893     2.7975     0.8191     0.5325     0.8154     0.000965    
14       0.4610     0.1822     2.7874     0.8220     0.6565     0.7750     0.000959    
15       0.4535     0.1756     2.7792     0.8232     0.5063     0.8111     0.000952    
16       0.4446     0.1686     2.7598     0.8264     0.5805     0.8022     0.000946    
17       0.4394     0.1648     2.7458     0.8280     0.5788     0.8059     0.000938    
18       0.4252     0.1525     2.7277     0.8362     0.5816     0.7881     0.000930    
19       0.4136     0.1412     2.7243     0.8367     0.5219     0.8121     0.000922    
20       0.3965     0.1265     2.6995     0.8442     0.5164     0.8156     0.000914    
21       0.3903     0.1216     2.6871     0.8449     0.5717     0.8141     0.000905    
22       0.3855     0.1173     2.6823     0.8489     0.5275     0.8149     0.000895    
23       0.3858     0.1174     2.6840     0.8479     0.5647     0.8247     0.000885    
24       0.3761     0.1093     2.6673     0.8511     0.5847     0.8264     0.000875    
25       0.3792     0.1130     2.6627     0.8508     0.5640     0.8269     0.000865    
26       0.3730     0.1076     2.6542     0.8460     0.6201     0.8271     0.000854    
27       0.3654     0.1013     2.6412     0.8544     0.5867     0.8263     0.000842    
28       0.3612     0.0973     2.6384     0.8577     0.5412     0.8322     0.000831    
29       0.3502     0.0884     2.6174     0.8619     0.6416     0.8022     0.000819    
30       0.3489     0.0873     2.6161     0.8619     0.5985     0.8303     0.000807    
31       0.3425     0.0816     2.6090     0.8636     0.5972     0.8325     0.000794    
32       0.3365     0.0768     2.5968     0.8651     0.5526     0.8384     0.000781    
33       0.3371     0.0770     2.6006     0.8635     0.5583     0.8366     0.000768    
34       0.3319     0.0729     2.5900     0.8670     0.5626     0.8307     0.000755    
35       0.3234     0.0658     2.5760     0.8693     0.6587     0.8355     0.000741    
36       0.3258     0.0677     2.5807     0.8696     0.5744     0.8423     0.000727    
37       0.3217     0.0643     2.5738     0.8706     0.5819     0.8478     0.000713    
38       0.3162     0.0595     2.5671     0.8730     0.6071     0.8351     0.000699    
39       0.3153     0.0592     2.5612     0.8733     0.5544     0.8329     0.000684    
40       0.3147     0.0584     2.5631     0.8739     0.5865     0.8470     0.000670    
41       0.3079     0.0534     2.5454     0.8763     0.6393     0.8346     0.000655    
42       0.3084     0.0535     2.5489     0.8771     0.5963     0.8490     0.000640    
43       0.3002     0.0464     2.5382     0.8791     0.6377     0.8379     0.000625    
44       0.3018     0.0480     2.5376     0.8786     0.6751     0.8467     0.000609    
45       0.2990     0.0456     2.5339     0.8808     0.6261     0.8362     0.000594    
46       0.2992     0.0460     2.5321     0.8801     0.6014     0.8437     0.000579    
47       0.2946     0.0417     2.5289     0.8804     0.6886     0.8409     0.000563    

--- 完整路径 ---
  best.pt                 : ./model\model_50/best_model_50.pt
  训练曲线                : ./model\model_50/training_history_model_50.png
  Alpha/Spearman 演化图    : ./model\model_50/alpha_spearman_model_50.png
  tensorboard log         : ./model\model_50\log\2026-06-11-19-45-17
