==================================================
  训练记录 - model_42
==================================================

训练时间: 2026-06-11 17:51:36
模型目录: ./model\model_42

--- 训练配置 ---
  backbone            : resnet50
  random_seed         : 42
  epochs              : 100
  batch_size          : 128
  learning_rate        : 0.001
  device               : cuda:0
  loss_function        : FocalLoss (gamma=1.0)
  alpha来源             : model_18_test
  num_workers          : 2
  alpha动态更新          : 启用
    更新间隔              : 每 3 epoch
    warmup               : 0 epoch
    模式                  : M22 公式（alpha = difficulty/mean）
  SupCon 损失            : 启用
    λ                    : 0.01
    τ                    : 0.2
  lr_scheduler         : CosineAnnealing
  lr_min               : 1e-06
  early_stop           : 启用
  early_stop_patience   : 10
  early_stop_min_delta  : 0.005
  data_augmentation    : 启用
  stratified_split     : 启用
  save_misclassified   : 禁用

--- 训练结果 ---
  最佳 epoch           : 36/100
  最佳验证准确率         : 0.8440

--- Alpha 动态更新记录（公式计算） ---
Epoch      cloudy     haze    rainy    shine     snow    sunny  sunrise  thunder   Spearman ρ
----------------------------------------------------------------------------------------------------
0          1.5706   1.1765   1.2244   0.9901   1.1583   1.2552   1.0277   1.0101  0.0000
3          2.4107   1.4212   1.5707   0.0948   0.8520   1.4474   0.0504   0.1529  0.5000
6          2.0439   1.1759   2.0280   0.3302   0.6940   1.2485   0.2504   0.2292  0.8333
9          2.8590   1.3985   1.3238   0.0835   0.6564   1.4441   0.0510   0.1837  0.4524
12         2.4875   1.3445   1.2705   0.1291   0.6659   1.5894   0.2048   0.3083  0.4286
15         2.4015   1.2315   1.2486   0.3337   1.0997   1.4155   0.0983   0.1712  0.7143
18         2.7954   1.3742   1.4709   0.0375   0.6822   1.3436   0.0752   0.2209  0.4524
21         2.6836   1.4331   1.3454   0.1164   0.6427   1.4198   0.1261   0.2330  0.4048
24         2.5960   1.0258   1.1315   0.0522   1.6384   1.4285   0.0156   0.1121  0.8571
27         2.7172   1.4673   1.3771   0.1325   0.5369   1.2456   0.2118   0.3116  0.4286
30         2.9554   1.3736   1.6075   0.0451   0.5970   1.0231   0.0522   0.3461  0.4286
33         2.7399   1.3773   1.0932   0.2004   0.5527   1.5237   0.2752   0.2376  0.2381
36         3.0202   1.4296   1.3212   0.0369   0.4716   1.4335   0.0437   0.2433  0.3571
37         3.0202   1.4296   1.3212   0.0369   0.4716   1.4335   0.0437   0.2433  0.0000

--- 指标变化 ---
Epoch    Train Loss Cls        Sup        Train Acc  Val Loss   Val Acc    LR          
1        0.3713     0.3396     3.1743     0.7382     0.5405     0.7531     0.001000    
2        0.2798     0.2495     3.0256     0.7724     0.5703     0.7381     0.001000    
3        0.2555     0.2257     2.9838     0.7830     0.4363     0.7839     0.000999    
4        0.3588     0.3289     2.9914     0.7601     0.6390     0.7550     0.000998    
5        0.3199     0.2904     2.9485     0.7740     0.7745     0.7432     0.000996    
6        0.3018     0.2725     2.9307     0.7791     0.6343     0.7602     0.000994    
7        0.2625     0.2335     2.8956     0.7991     0.5665     0.7932     0.000991    
8        0.2498     0.2210     2.8790     0.8041     0.4827     0.8001     0.000988    
9        0.2344     0.2059     2.8555     0.8097     0.5116     0.8075     0.000984    
10       0.2551     0.2265     2.8603     0.7968     0.6143     0.7871     0.000980    
11       0.2419     0.2135     2.8409     0.8037     0.5346     0.7985     0.000976    
12       0.2316     0.2034     2.8201     0.8090     0.5818     0.8037     0.000970    
13       0.2133     0.1852     2.8098     0.8180     0.5489     0.7890     0.000965    
14       0.2088     0.1807     2.8052     0.8205     0.4988     0.8189     0.000959    
15       0.1952     0.1674     2.7812     0.8246     0.5824     0.7810     0.000952    
16       0.1838     0.1561     2.7676     0.8296     0.5090     0.8239     0.000946    
17       0.1793     0.1517     2.7592     0.8325     0.5475     0.8224     0.000938    
18       0.1662     0.1388     2.7383     0.8370     0.5098     0.8330     0.000930    
19       0.1820     0.1545     2.7457     0.8321     0.6732     0.8042     0.000922    
20       0.1721     0.1448     2.7342     0.8316     0.5642     0.8260     0.000914    
21       0.1605     0.1333     2.7152     0.8391     0.5327     0.8342     0.000905    
22       0.1592     0.1321     2.7131     0.8418     0.5093     0.8353     0.000895    
23       0.1483     0.1213     2.6955     0.8459     0.5614     0.8148     0.000885    
24       0.1418     0.1150     2.6833     0.8492     0.6548     0.7816     0.000875    
25       0.1340     0.1072     2.6787     0.8482     0.5102     0.8320     0.000865    
26       0.1226     0.0960     2.6599     0.8529     0.5583     0.8193     0.000854    
27       0.1226     0.0960     2.6637     0.8456     0.5122     0.8416     0.000842    
28       0.1267     0.1002     2.6551     0.8545     0.5479     0.8196     0.000831    
29       0.1165     0.0901     2.6427     0.8577     0.5911     0.8303     0.000819    
30       0.1138     0.0875     2.6306     0.8609     0.5453     0.8274     0.000807    
31       0.1137     0.0874     2.6299     0.8613     0.5693     0.8215     0.000794    
32       0.1063     0.0801     2.6185     0.8631     0.5745     0.8296     0.000781    
33       0.1076     0.0814     2.6200     0.8616     0.5690     0.8195     0.000768    
34       0.0989     0.0728     2.6103     0.8660     0.5798     0.8212     0.000755    
35       0.0986     0.0724     2.6150     0.8645     0.5993     0.8361     0.000741    
36       0.0919     0.0660     2.5971     0.8688     0.5718     0.8440     0.000727    
37       0.0968     0.0708     2.5959     0.8668     0.6147     0.8333     0.000713    

--- 完整路径 ---
  best.pt                 : ./model\model_42/best_model_42.pt
  训练曲线                : ./model\model_42/training_history_model_42.png
  Alpha/Spearman 演化图    : ./model\model_42/alpha_spearman_model_42.png
  tensorboard log         : ./model\model_42\log\2026-06-11-08-11-57
