==================================================
  训练记录 - model_40
==================================================

训练时间: 2026-06-11 03:48:59
模型目录: ./model\model_40

--- 训练配置 ---
  backbone            : resnet50
  epochs              : 100
  batch_size          : 128
  learning_rate        : 0.001
  device               : cuda:0
  loss_function        : FocalLoss (gamma=1.0)
  alpha来源             : model_18_test
  num_workers          : 4
  alpha动态更新          : 启用
    更新间隔              : 每 1 epoch
    warmup               : 0 epoch
    模式                  : M22 公式（alpha = difficulty/mean）
  lr_scheduler         : CosineAnnealing
  lr_min               : 1e-06
  early_stop           : 启用
  early_stop_patience   : 100
  early_stop_min_delta  : 0.005
  data_augmentation    : 启用
  stratified_split     : 启用
  save_misclassified   : 禁用

--- 训练结果 ---
  最佳 epoch           : 91/100
  最佳验证准确率         : 0.8648

--- Alpha 动态更新记录（公式计算） ---
Epoch      cloudy     haze    rainy    shine     snow    sunny  sunrise  thunder   Spearman ρ
----------------------------------------------------------------------------------------------------
0          1.5706   1.1765   1.2244   0.9901   1.1583   1.2552   1.0277   1.0101  0.0000
1          1.6540   1.0237   1.1790   1.1442   0.6246   1.1460   1.0308   0.1978  0.8333
2          1.9265   1.0868   1.2262   1.0643   0.7568   1.1490   0.5663   0.2239  0.8333
3          1.7728   1.0020   0.9531   1.4923   0.6546   1.1651   0.7915   0.1686  0.9286
4          1.9484   0.9636   0.9915   1.5035   0.4546   0.9743   0.9214   0.2427  0.8095
5          2.2143   1.1281   1.2500   0.9849   0.4837   1.2207   0.4825   0.2358  0.8095
6          1.9868   1.1113   1.1002   1.2772   0.6284   1.3004   0.4435   0.1523  0.9524
7          2.1324   1.0680   1.1524   1.0620   0.4381   1.4311   0.4877   0.2283  0.9286
8          2.0834   1.1340   1.1043   1.3283   0.6564   1.1424   0.4116   0.1397  0.9048
9          1.8510   0.9977   1.3560   1.6443   0.5144   1.0111   0.4542   0.1714  0.9524
10         2.3097   1.1222   1.1595   0.8378   0.4238   1.3707   0.5951   0.1813  0.8571
11         2.1719   1.1527   1.2748   1.3898   0.4154   1.0172   0.4376   0.1405  1.0000
12         2.2793   1.2508   1.2451   0.9009   0.4768   1.0653   0.6037   0.1781  0.8333
13         1.6360   1.1418   0.8544   1.9249   0.8087   0.8795   0.4896   0.2651  0.9762
14         2.5470   1.1017   1.4456   0.8029   0.3714   1.2179   0.3674   0.1460  0.8333
15         1.6154   0.9316   0.9289   1.8687   0.7371   0.9761   0.6552   0.2869  0.9286
16         2.0138   1.0797   0.9761   1.4003   0.5888   0.9066   0.8368   0.1978  0.9762
17         2.1901   1.3605   1.0022   0.8871   0.5304   1.2243   0.4280   0.3774  0.7619
18         1.9310   1.2492   0.9019   0.7589   0.4864   1.2909   0.9319   0.4498  0.7619
19         1.9258   1.0701   1.0389   1.2483   0.5949   0.9381   0.8699   0.3140  1.0000
20         2.0844   1.0624   0.9427   1.1599   0.4514   0.8483   1.1865   0.2644  0.9762
21         2.2886   1.3650   1.0934   0.9472   0.4533   0.9926   0.6793   0.1806  0.6190
22         1.9987   1.0598   1.3970   0.6325   0.4218   0.7607   1.4124   0.3171  0.6905
23         1.8105   0.8917   0.9602   0.8517   0.5421   0.7699   1.9422   0.2317  0.7619
24         2.2585   1.1825   0.9684   1.0766   0.7765   1.1093   0.4824   0.1458  0.7857
25         2.1052   1.2403   0.9504   1.0257   0.9293   1.0566   0.3984   0.2941  0.9048
26         2.2157   1.0797   1.2699   1.1642   0.6554   1.0193   0.4508   0.1449  0.9286
27         2.6284   1.1443   1.0596   0.2935   0.4551   1.4521   0.6609   0.3060  0.5000
28         2.3639   1.3302   1.2409   0.9314   0.4680   1.0093   0.5419   0.1143  0.8333
29         2.0359   1.4059   0.9519   0.8887   0.6072   0.9457   0.7362   0.4285  0.8095
30         2.3071   1.3261   1.0938   1.0281   0.4662   0.9172   0.7212   0.1403  0.9286
31         2.2705   1.0941   1.0401   0.9073   0.4076   1.6520   0.4012   0.2273  0.8333
32         1.9663   1.2160   0.9376   1.3188   0.4705   0.7670   1.1416   0.1822  0.8810
33         2.2637   1.2544   1.1224   1.4305   0.3935   0.6934   0.7213   0.1209  0.9524
34         1.2638   0.7009   0.5577   4.3750   0.3193   0.5026   0.1822   0.0984  0.9524
35         1.9218   0.9745   0.9158   2.4710   0.2945   0.5126   0.6741   0.2356  0.9286
36         1.9758   1.2592   1.1197   1.6352   0.7426   0.5001   0.5798   0.1875  0.8810
37         2.1876   1.2948   1.1584   1.5995   0.4349   0.6942   0.4007   0.2299  0.9762
38         1.5911   0.9284   0.8630   3.0863   0.4129   0.6788   0.2647   0.1749  0.9286
39         2.6499   1.6671   1.1398   0.5149   0.6254   0.7691   0.4906   0.1432  0.7143
40         2.1272   1.1327   1.4059   0.7987   0.5261   1.0172   0.5079   0.4844  0.8095
41         2.6054   1.5920   1.3106   0.3570   0.4762   0.7786   0.6357   0.2445  0.6429
42         2.8752   1.4418   1.4872   0.4887   0.4217   0.9530   0.1151   0.2173  0.7857
43         2.1729   1.1454   1.1034   1.7957   0.6061   0.6169   0.3510   0.2085  0.9762
44         2.7739   1.4538   1.2523   0.6506   0.2997   0.7977   0.6139   0.1581  0.8571
45         2.6832   1.2196   1.0932   0.4729   0.4595   1.3179   0.5055   0.2482  0.8333
46         2.1807   1.1764   0.8361   0.1215   0.5550   1.1835   1.7694   0.1774  0.3333
47         2.4064   1.2867   1.1463   0.9573   0.3545   0.6260   1.0728   0.1500  0.7857
48         3.1592   1.7403   1.3818   0.2759   0.3629   0.8008   0.0000   0.2791  0.5238
49         2.6581   1.5252   1.2661   0.3842   0.4256   0.7621   0.8199   0.1589  0.5952
50         3.0900   1.5531   1.5257   0.2560   0.3482   0.6214   0.3609   0.2447  0.6190
51         2.8883   1.7096   1.3887   0.2514   0.2966   0.5072   0.7116   0.2466  0.6429
52         2.5208   1.7850   1.1633   0.6961   0.4480   0.5708   0.4849   0.3312  0.9286
53         2.8890   1.8039   1.3418   0.5607   0.2474   0.5976   0.1986   0.3610  0.7381
54         2.9870   1.7852   1.4386   0.2934   0.3471   0.4438   0.6241   0.0810  0.5952
55         3.1754   1.6364   1.5995   0.2661   0.3031   0.5748   0.1890   0.2558  0.6429
56         2.7426   1.7378   1.3063   0.4887   0.4011   0.6559   0.3468   0.3208  0.8095
57         3.2466   1.8115   1.5242   0.0000   0.2781   0.5430   0.4347   0.1620  0.4762
58         1.8898   1.0184   0.7961   0.3124   0.1933   0.5243   3.1515   0.1142  0.6190
59         3.1615   1.6647   1.5057   0.3132   0.2127   0.3870   0.4398   0.3152  0.5476
60         3.2262   1.6651   1.5057   0.3001   0.2490   0.7139   0.2119   0.1281  0.8095
61         2.9173   1.6409   1.3385   0.2663   0.5446   0.7550   0.3769   0.1605  0.5476
62         3.1249   1.8352   1.7234   0.3213   0.3557   0.4215   0.0000   0.2180  0.5476
63         3.1950   1.7460   1.7239   0.3299   0.2736   0.3826   0.2330   0.1160  0.7381
64         2.9707   1.8857   1.5360   0.0000   0.3267   0.3666   0.6577   0.2565  0.7143
65         3.1327   1.7677   1.5494   0.7369   0.1569   0.3151   0.2584   0.0830  0.9048
66         2.8338   1.6985   1.2364   0.8555   0.2249   0.5688   0.4082   0.1739  0.9048
67         2.8913   1.7182   1.5122   0.7201   0.2192   0.2559   0.5098   0.1733  0.8503
68         3.0903   1.7157   1.4616   0.0000   0.2108   0.4052   0.9848   0.1316  0.5000
69         3.1109   2.0291   1.5611   0.0000   0.3494   0.3402   0.2802   0.3292  0.3571
70         3.0487   1.7738   1.3948   1.0966   0.2466   0.3483   0.0000   0.0912  0.7619
71         2.9633   1.5507   1.3806   1.3128   0.2331   0.4598   0.0000   0.0997  0.8333
72         3.4702   1.8943   1.6181   0.3957   0.1300   0.4018   0.0000   0.0899  0.7619
73         2.9802   1.9584   1.5170   0.3960   0.3289   0.1396   0.5605   0.1193  0.7619
74         3.4242   2.0136   1.6909   0.4684   0.0828   0.2018   0.0000   0.1183  0.7381
75         3.0438   1.8122   1.5282   0.7768   0.3020   0.2245   0.2735   0.0389  0.6667
76         3.1918   1.7664   1.5838   0.3823   0.1545   0.4757   0.2716   0.1739  0.8095
77         3.1502   1.8673   1.5586   0.4055   0.1025   0.2261   0.5772   0.1126  0.7857
78         3.4055   2.0438   1.6042   0.0000   0.1318   0.3416   0.3086   0.1646  0.4762
79         3.0535   1.7633   1.4802   1.2235   0.1223   0.2248   0.0000   0.1324  0.8333
80         3.3519   1.9636   1.6763   0.0000   0.1616   0.1388   0.6501   0.0576  0.4286
81         3.4765   1.8696   1.6553   0.4508   0.1595   0.2743   0.0000   0.1138  0.8333
82         3.6122   2.1567   1.7170   0.0000   0.2004   0.2511   0.0000   0.0625  0.4551
83         3.0524   1.6602   1.5223   1.2717   0.1500   0.2685   0.0000   0.0749  0.8333
84         3.3921   2.0855   1.6542   0.4605   0.1629   0.1750   0.0000   0.0697  0.8333
85         3.6643   2.1537   1.7487   0.0000   0.1181   0.1710   0.0000   0.1442  0.4311
86         3.4378   2.0213   1.6894   0.4841   0.1101   0.1840   0.0000   0.0733  0.8333
87         3.1941   1.9851   1.4734   0.8938   0.1926   0.1931   0.0000   0.0679  0.8333
88         3.7206   2.0949   1.8348   0.0000   0.0838   0.1961   0.0000   0.0698  0.4791
89         3.5832   2.1625   1.7262   0.0000   0.1802   0.2065   0.0000   0.1414  0.4551
90         3.4175   2.0816   1.6716   0.5081   0.1284   0.1416   0.0000   0.0513  0.8571
91         3.6588   2.1370   1.7892   0.0000   0.0777   0.2209   0.0000   0.1165  0.4311
92         3.4860   1.9704   1.7139   0.4868   0.1101   0.1717   0.0000   0.0611  0.8333
93         3.3463   1.9147   1.6261   0.4559   0.1267   0.1849   0.3225   0.0230  0.8810
94         3.6626   2.0815   1.8977   0.0000   0.1458   0.1462   0.0000   0.0662  0.4551
95         3.6459   2.0347   1.8103   0.0000   0.1338   0.2282   0.0000   0.1471  0.4551
96         3.2575   1.9682   1.5511   0.4926   0.0990   0.1861   0.3465   0.0989  0.8810
97         3.6888   2.1223   1.8440   0.0000   0.1060   0.1594   0.0000   0.0794  0.4551
98         3.6503   2.2339   1.7326   0.0000   0.1584   0.1456   0.0000   0.0791  0.4072
99         3.5207   1.9588   1.7739   0.0000   0.1223   0.2208   0.3424   0.0611  0.4762
100        3.5711   2.0758   1.7358   0.0000   0.0628   0.1134   0.3532   0.0879  0.4286

--- 指标变化 ---
Epoch    Train Loss   Train Acc    Val Loss     Val Acc      LR          
1        0.4718       0.7722       0.5298       0.7377       0.001000    
2        0.3767       0.8080       0.4408       0.7689       0.001000    
3        0.3746       0.8194       0.4447       0.7868       0.000999    
4        0.2950       0.8378       0.3725       0.8004       0.000998    
5        0.2668       0.8446       0.3661       0.8028       0.000996    
6        0.3106       0.8481       0.4519       0.7846       0.000994    
7        0.2750       0.8583       0.4181       0.7943       0.000991    
8        0.2634       0.8677       0.4067       0.8181       0.000988    
9        0.2363       0.8768       0.4044       0.8087       0.000984    
10       0.1980       0.8900       0.3532       0.8231       0.000980    
11       0.2235       0.8854       0.4263       0.8198       0.000976    
12       0.1936       0.8953       0.4291       0.8155       0.000970    
13       0.1875       0.9018       0.4354       0.8094       0.000965    
14       0.1285       0.9226       0.3108       0.8326       0.000959    
15       0.1900       0.9051       0.4707       0.8060       0.000952    
16       0.1100       0.9325       0.3366       0.8352       0.000946    
17       0.1144       0.9325       0.3831       0.8228       0.000938    
18       0.1410       0.9275       0.5139       0.8170       0.000930    
19       0.1195       0.9344       0.4245       0.8302       0.000922    
20       0.0973       0.9439       0.4018       0.8469       0.000914    
21       0.0876       0.9477       0.4381       0.8422       0.000905    
22       0.1099       0.9413       0.4860       0.8083       0.000895    
23       0.0941       0.9470       0.3998       0.8274       0.000885    
24       0.0669       0.9563       0.3723       0.8417       0.000875    
25       0.0911       0.9521       0.4663       0.8185       0.000865    
26       0.0915       0.9521       0.4659       0.8378       0.000854    
27       0.0810       0.9572       0.6077       0.8217       0.000842    
28       0.0962       0.9520       0.5497       0.8361       0.000831    
29       0.0795       0.9581       0.5079       0.8230       0.000819    
30       0.0635       0.9649       0.4984       0.8509       0.000807    
31       0.0670       0.9637       0.6196       0.8219       0.000794    
32       0.0670       0.9639       0.5253       0.8446       0.000781    
33       0.0471       0.9704       0.4378       0.8562       0.000768    
34       0.0513       0.9705       0.4657       0.8457       0.000755    
35       0.0232       0.9766       0.2785       0.8548       0.000741    
36       0.0343       0.9751       0.3990       0.8480       0.000727    
37       0.0482       0.9716       0.4448       0.8448       0.000713    
38       0.0529       0.9686       0.5010       0.8379       0.000699    
39       0.0337       0.9754       0.3785       0.8487       0.000684    
40       0.0611       0.9678       0.7082       0.8271       0.000670    
41       0.0568       0.9701       0.5334       0.8472       0.000655    
42       0.0550       0.9712       0.5525       0.8478       0.000640    
43       0.0552       0.9737       0.6502       0.8459       0.000625    
44       0.0336       0.9796       0.4841       0.8586       0.000609    
45       0.0428       0.9764       0.6219       0.8432       0.000594    
46       0.0462       0.9762       0.6293       0.8366       0.000579    
47       0.0333       0.9802       0.5429       0.8581       0.000563    
48       0.0307       0.9812       0.5221       0.8525       0.000548    
49       0.0448       0.9787       0.6566       0.8550       0.000532    
50       0.0384       0.9794       0.5916       0.8562       0.000516    
51       0.0367       0.9819       0.7912       0.8543       0.000501    
52       0.0340       0.9822       0.6708       0.8544       0.000485    
53       0.0273       0.9845       0.6077       0.8593       0.000469    
54       0.0288       0.9843       0.7284       0.8575       0.000453    
55       0.0320       0.9829       0.6650       0.8558       0.000438    
56       0.0353       0.9817       0.7320       0.8554       0.000422    
57       0.0273       0.9853       0.6846       0.8570       0.000407    
58       0.0307       0.9844       0.6934       0.8586       0.000392    
59       0.0158       0.9872       0.4723       0.8546       0.000376    
60       0.0252       0.9865       0.7219       0.8565       0.000361    
61       0.0278       0.9849       0.7240       0.8503       0.000346    
62       0.0236       0.9872       0.7262       0.8560       0.000331    
63       0.0276       0.9858       0.7743       0.8576       0.000317    
64       0.0271       0.9857       0.7214       0.8584       0.000302    
65       0.0221       0.9877       0.7604       0.8610       0.000288    
66       0.0212       0.9874       0.6952       0.8540       0.000274    
67       0.0191       0.9881       0.7540       0.8597       0.000260    
68       0.0191       0.9884       0.7740       0.8574       0.000246    
69       0.0198       0.9885       0.7650       0.8576       0.000233    
70       0.0208       0.9883       0.8454       0.8529       0.000220    
71       0.0182       0.9892       0.7788       0.8544       0.000207    
72       0.0172       0.9892       0.7558       0.8584       0.000194    
73       0.0186       0.9886       0.9123       0.8565       0.000182    
74       0.0172       0.9894       0.8220       0.8595       0.000170    
75       0.0193       0.9886       0.8202       0.8588       0.000159    
76       0.0164       0.9895       0.7787       0.8592       0.000147    
77       0.0162       0.9907       0.8565       0.8633       0.000136    
78       0.0155       0.9903       0.8435       0.8566       0.000126    
79       0.0165       0.9906       0.9338       0.8612       0.000116    
80       0.0148       0.9905       0.8003       0.8626       0.000106    
81       0.0167       0.9905       0.8643       0.8620       0.000096    
82       0.0164       0.9904       0.9117       0.8621       0.000087    
83       0.0161       0.9910       0.9869       0.8621       0.000079    
84       0.0145       0.9906       0.8234       0.8625       0.000071    
85       0.0152       0.9913       0.9482       0.8631       0.000063    
86       0.0166       0.9911       1.0229       0.8615       0.000055    
87       0.0152       0.9914       0.9582       0.8620       0.000049    
88       0.0136       0.9919       0.8982       0.8645       0.000042    
89       0.0153       0.9922       1.0373       0.8619       0.000036    
90       0.0152       0.9922       1.0612       0.8638       0.000031    
91       0.0141       0.9920       0.9708       0.8648       0.000025    
92       0.0147       0.9923       1.0201       0.8628       0.000021    
93       0.0140       0.9920       0.9676       0.8636       0.000017    
94       0.0129       0.9920       0.9778       0.8636       0.000013    
95       0.0148       0.9916       1.0267       0.8627       0.000010    
96       0.0143       0.9923       1.0263       0.8648       0.000007    
97       0.0128       0.9923       0.9222       0.8639       0.000005    
98       0.0151       0.9917       1.0509       0.8643       0.000003    
99       0.0147       0.9920       1.0291       0.8632       0.000002    
100      0.0134       0.9923       0.9993       0.8640       0.000001    

--- 完整路径 ---
  best.pt                 : ./model\model_40/best_model_40.pt
  训练曲线                : ./model\model_40/training_history_model_40.png
  Alpha/Spearman 演化图    : ./model\model_40/alpha_spearman_model_40.png
  tensorboard log         : ./model\model_40\log\2026-06-10-14-17-19
