==================================================
  训练记录 - model_33
==================================================

训练时间: 2026-06-09 23:18:20
模型目录: ./model\model_33

--- 训练配置 ---
  epochs              : 100
  batch_size          : 64
  learning_rate        : 0.001
  device               : cuda:0
  loss_function        : FocalLoss (gamma=1.0)
  alpha来源             : model_18_test
  num_workers          : 4
  alpha动态更新          : 启用
    更新间隔              : 每 3 epoch
    warmup               : 0 epoch
    模式                  : M22 公式（alpha = difficulty/mean）
  lr_scheduler         : CosineAnnealing
  lr_min               : 1e-06
  early_stop           : 启用
  early_stop_patience   : 10
  early_stop_min_delta  : 0.005
  data_augmentation    : 启用
  stratified_split     : 启用
  save_misclassified   : 禁用

--- 训练结果 ---
  最佳 epoch           : 25/100
  最佳验证准确率         : 0.8398

--- Alpha 动态更新记录（公式计算） ---
Epoch      cloudy     haze    rainy    shine     snow    sunny  sunrise  thunder   Spearman ρ
----------------------------------------------------------------------------------------------------
0          1.5706   1.1765   1.2244   0.9901   1.1583   1.2552   1.0277   1.0101  0.0000
3          1.9190   1.0326   0.9401   1.6022   0.5429   1.1888   0.6497   0.1247  1.0000
6          1.9313   1.1747   0.8998   1.5838   0.4425   1.2548   0.5752   0.1379  1.0000
9          1.7191   0.9599   0.9271   1.8218   0.3668   0.9605   0.9099   0.3349  0.6905
12         2.0778   1.0558   1.0985   1.2612   0.7395   1.0737   0.4282   0.2653  0.9048
15         1.8970   0.9193   0.9423   1.5812   1.3262   0.8939   0.3471   0.0930  0.8333
18         1.5628   1.1017   0.8747   1.6103   1.1154   0.9018   0.5371   0.2963  0.1667
21         1.5734   0.8598   0.8076   2.6180   0.5330   1.0068   0.4501   0.1513  0.9286
24         1.2939   0.6001   0.5419   3.8171   0.5498   0.5839   0.4828   0.1304  0.8333
27         1.9313   1.5127   1.2196   1.0726   0.4981   0.5341   0.9403   0.2913  0.9524
30         2.3319   1.2845   1.1907   0.4352   0.4708   1.0179   0.8554   0.4137  0.8333
33         2.1840   1.1307   1.2434   1.0689   0.3391   0.8883   1.0459   0.0997  0.7857
35         2.1840   1.1307   1.2434   1.0689   0.3391   0.8883   1.0459   0.0997  0.0000

--- 指标变化 ---
Epoch    Train Loss   Train Acc    Val Loss     Val Acc      LR          
1        0.5362       0.7408       0.4662       0.7726       0.001000    
2        0.4107       0.7942       0.3966       0.8033       0.001000    
3        0.3628       0.8144       0.3928       0.8003       0.000999    
4        0.3508       0.8147       0.3919       0.7904       0.000998    
5        0.3322       0.8233       0.3744       0.7751       0.000996    
6        0.2974       0.8379       0.4662       0.7915       0.000994    
7        0.2870       0.8437       0.3646       0.8184       0.000991    
8        0.2669       0.8551       0.3931       0.7931       0.000988    
9        0.2504       0.8592       0.3897       0.8012       0.000984    
10       0.1870       0.8839       0.3971       0.7862       0.000980    
11       0.1839       0.8843       0.3860       0.8115       0.000976    
12       0.1703       0.8946       0.3455       0.8209       0.000970    
13       0.2018       0.8945       0.4201       0.8214       0.000965    
14       0.1881       0.8996       0.4527       0.7950       0.000959    
15       0.1640       0.9132       0.4659       0.7997       0.000952    
16       0.1392       0.9182       0.4315       0.8316       0.000946    
17       0.1269       0.9243       0.4236       0.8068       0.000938    
18       0.1252       0.9253       0.4274       0.8246       0.000930    
19       0.1020       0.9391       0.4065       0.8296       0.000922    
20       0.1010       0.9394       0.4329       0.8192       0.000914    
21       0.0942       0.9432       0.5016       0.8143       0.000905    
22       0.0780       0.9468       0.4409       0.8192       0.000895    
23       0.0766       0.9490       0.4091       0.8072       0.000885    
24       0.0750       0.9499       0.4560       0.8086       0.000875    
25       0.0403       0.9614       0.3423       0.8398       0.000865    
26       0.0452       0.9587       0.3966       0.8344       0.000854    
27       0.0460       0.9556       0.3216       0.8232       0.000842    
28       0.1116       0.9356       0.4500       0.8351       0.000831    
29       0.0849       0.9487       0.5169       0.8203       0.000819    
30       0.0804       0.9523       0.5017       0.8350       0.000807    
31       0.0868       0.9554       0.5962       0.8363       0.000794    
32       0.0790       0.9590       0.6107       0.8267       0.000781    
33       0.0711       0.9621       0.6571       0.8369       0.000768    
34       0.0542       0.9697       0.6190       0.8336       0.000755    
35       0.0555       0.9662       0.5409       0.8331       0.000741    

--- 完整路径 ---
  best.pt                 : ./model\model_33/best_model_33.pt
  训练曲线                : ./model\model_33/training_history_model_33.png
  Alpha/Spearman 演化图    : ./model\model_33/alpha_spearman_model_33.png
  tensorboard log         : ./model\model_33\log\2026-06-09-13-34-12
