==================================================
  训练记录 - model_23
==================================================

训练时间: 2026-06-07 16:03:50
模型目录: ./model\model_23

--- 训练配置 ---
  epochs              : 100
  batch_size          : 128
  learning_rate        : 0.001
  device               : cuda:0
  loss_function        : FocalLoss (gamma=1.0)
  alpha来源             : model_18_test
  alpha动态更新          : 启用（每 3 epoch）
  lr_scheduler         : CosineAnnealing
  lr_min               : 1e-06
  early_stop           : 启用
  early_stop_patience   : 15
  early_stop_min_delta  : 0.005
  data_augmentation    : 启用
  stratified_split     : 启用

--- 训练结果 ---
  最佳 epoch           : 25/100
  最佳验证准确率         : 0.8520

--- Alpha 动态更新记录 ---
Epoch      cloudy     haze    rainy    shine     snow    sunny  sunrise  thunder   Spearman ρ
----------------------------------------------------------------------------------------------------
0          1.5706   1.1765   1.2244   0.9901   1.1583   1.2552   1.0277   1.0101  0.0000
6          1.2679   0.9999   1.0325   0.8732   0.9876   1.0534   0.8988   0.8868  0.7857
9          1.2143   0.9999   1.0260   0.8985   0.9901   1.0427   0.9190   0.9094  0.8571
12         1.1714   0.9999   1.0208   0.9188   0.9920   1.0342   0.9352   0.9275  0.7857
15         1.1371   0.9999   1.0166   0.9351   0.9936   1.0273   0.9482   0.9420  0.7857
18         1.1097   1.0000   1.0133   0.9481   0.9949   1.0219   0.9585   0.9536  0.5476
21         1.0878   1.0000   1.0107   0.9584   0.9959   1.0175   0.9668   0.9629  0.8333
24         1.0702   1.0000   1.0085   0.9668   0.9967   1.0140   0.9735   0.9703  0.4524
27         1.0562   1.0000   1.0068   0.9734   0.9974   1.0112   0.9788   0.9763  0.7857
30         1.0449   1.0000   1.0055   0.9787   0.9979   1.0090   0.9830   0.9810  0.7619
33         1.0360   1.0000   1.0044   0.9830   0.9983   1.0072   0.9864   0.9848  0.7857
36         1.0288   1.0000   1.0035   0.9864   0.9987   1.0057   0.9891   0.9878  0.7619
39         1.0230   1.0000   1.0028   0.9891   0.9989   1.0046   0.9913   0.9903  0.7857
40         1.0230   1.0000   1.0028   0.9891   0.9989   1.0046   0.9913   0.9903  0.0000

--- 指标变化 ---
Epoch    Train Loss   Train Acc    Val Loss     Val Acc      LR          
1        0.4654       0.7710       0.4720       0.7576       0.001000    
2        0.3520       0.8186       0.3784       0.8009       0.001000    
3        0.3053       0.8390       0.5358       0.7642       0.000999    
4        0.2823       0.8514       0.3860       0.8087       0.000998    
5        0.2524       0.8643       0.4448       0.7889       0.000996    
6        0.2370       0.8715       0.3586       0.8154       0.000994    
7        0.2135       0.8786       0.3227       0.8338       0.000991    
8        0.1950       0.8905       0.3867       0.8103       0.000988    
9        0.1843       0.8941       0.4143       0.7998       0.000984    
10       0.1640       0.9042       0.3329       0.8342       0.000980    
11       0.1524       0.9105       0.3921       0.8181       0.000976    
12       0.1433       0.9142       0.3371       0.8384       0.000970    
13       0.1297       0.9223       0.3870       0.8142       0.000965    
14       0.1214       0.9263       0.3447       0.8293       0.000959    
15       0.1123       0.9327       0.4052       0.8101       0.000952    
16       0.1022       0.9367       0.3413       0.8357       0.000946    
17       0.0962       0.9421       0.3628       0.8334       0.000938    
18       0.0929       0.9422       0.3971       0.8341       0.000930    
19       0.0833       0.9479       0.3597       0.8357       0.000922    
20       0.0793       0.9498       0.3588       0.8395       0.000914    
21       0.0780       0.9503       0.3852       0.8294       0.000905    
22       0.0708       0.9542       0.4148       0.8156       0.000895    
23       0.0661       0.9583       0.3561       0.8430       0.000885    
24       0.0655       0.9584       0.3546       0.8417       0.000875    
25       0.0589       0.9623       0.3580       0.8520       0.000865    
26       0.0541       0.9653       0.3716       0.8454       0.000854    
27       0.0549       0.9654       0.4038       0.8420       0.000842    
28       0.0527       0.9651       0.3762       0.8442       0.000831    
29       0.0503       0.9671       0.3846       0.8443       0.000819    
30       0.0452       0.9709       0.3777       0.8450       0.000807    
31       0.0464       0.9697       0.3899       0.8470       0.000794    
32       0.0426       0.9716       0.4378       0.8318       0.000781    
33       0.0417       0.9720       0.4042       0.8399       0.000768    
34       0.0363       0.9761       0.3820       0.8513       0.000755    
35       0.0402       0.9731       0.3861       0.8481       0.000741    
36       0.0371       0.9757       0.3879       0.8486       0.000727    
37       0.0327       0.9782       0.4519       0.8383       0.000713    
38       0.0319       0.9785       0.4231       0.8482       0.000699    
39       0.0317       0.9779       0.4238       0.8438       0.000684    
40       0.0327       0.9778       0.4113       0.8522       0.000670    

--- 完整路径 ---
  best.pt                 : ./model\model_23/best_model_23.pt
  last.pt                 : ./model\model_23/last_model_23.pt
  训练曲线                : ./model\model_23/training_history_model_23.png
  Alpha/Spearman 演化图    : ./model\model_23/alpha_spearman_model_23.png
  tensorboard log         : ./model\model_23\log\2026-06-07-05-59-33
